0.002000 0.001091
0.012000 0.052905
0.022000 0.159807
0.042000 0.467421
0.052000 0.646317
0.062000 0.819214
0.072000 0.960477
0.082000 1.050470
0.092000 1.094103
0.102000 1.103921
0.112000 1.094103
0.122000 1.074468
0.132000 1.052652
0.142000 1.031926
0.152000 1.015563
0.163000 1.004110
0.173000 0.997019
0.183000 0.993201
0.193000 0.991565
0.203000 0.991020
0.213000 0.991020
0.223000 0.991020
0.233000 0.991020
0.243000 0.991020
0.253000 0.991020
0.263000 0.991020
0.273000 0.991020
0.283000 0.991020
0.293000 0.991020
0.303000 0.991020
0.313000 0.991020
0.323000 0.991020
0.333000 0.991020
0.343000 0.991020
0.353000 0.991020
0.363000 0.991020
0.373000 0.991020
0.383000 0.991020
0.393000 0.991020
0.403000 0.991020
0.413000 0.991020
0.423000 0.991020
0.433000 0.991020
0.443000 0.991565
0.453000 0.991565
0.463000 0.991565
0.473000 0.992111
0.483000 0.992111
0.493000 0.992111
0.503000 0.992656
0.513000 0.992656
0.523000 0.992656
0.533000 0.992656
0.543000 0.992656
0.553000 0.992656
0.564000 0.992656
0.574000 0.993201
0.584000 0.993201
0.594000 0.993201
0.624000 0.993747
0.634000 0.993747
0.644000 0.993747
0.654000 0.993747
0.664000 0.993747
0.674000 0.993747
0.684000 0.993747
0.694000 0.993747
0.704000 0.994292
0.714000 0.994292
0.724000 0.994292
0.734000 0.994292
0.744000 0.994838
0.754000 0.994838
0.764000 0.994838
0.774000 0.994838
0.784000 0.994838
0.794000 0.995383
0.804000 0.995383
0.814000 0.995383
0.824000 0.995383
0.834000 0.995383
0.844000 0.995929
0.854000 0.995929
0.864000 0.995929
0.874000 0.995929
0.884000 0.995929
0.894000 0.995929
0.904000 0.996474
0.914000 0.996474
0.924000 0.996474
0.934000 0.997019
0.944000 0.997019
0.954000 0.997019
0.965000 0.997019
0.975000 0.997019
0.985000 0.997019
0.995000 0.997019
1.005000 0.997019
1.015000 0.997019
1.025000 0.997019
1.035000 0.997019
1.045000 0.997019
1.055000 0.997019
1.065000 0.997019
1.075000 0.997019
1.085000 0.997019
1.095000 0.997019
1.105000 0.997019
1.115000 0.997019
1.125000 0.997019
1.135000 0.997019
1.145000 0.997565
1.155000 0.997565
1.165000 0.997565
1.175000 0.997565
1.185000 0.997565
1.195000 0.998110
1.205000 0.998110
1.215000 0.998110
1.225000 0.998110
1.235000 0.998110
1.245000 0.998110
1.255000 0.998110
1.265000 0.998110
1.275000 0.998110
1.285000 0.998110
1.295000 0.998110
1.305000 0.998110
1.315000 0.998110
1.325000 0.998110
1.335000 0.998110
1.345000 0.998110
1.355000 0.998110
1.366000 0.998110
1.376000 0.998110
1.386000 0.998110
1.396000 0.998110
1.406000 0.998110
1.416000 0.998110
1.426000 0.998656
1.436000 0.998656
1.446000 0.998656
1.456000 0.998656
1.466000 0.998656
1.476000 0.998656
1.486000 0.998656
1.496000 0.998656
1.506000 0.998656
1.516000 0.998656
1.526000 0.998656
1.536000 0.998656
1.546000 0.998656
1.556000 0.998656
1.566000 0.998656
1.576000 0.998656
1.586000 0.998656
1.596000 0.999201
1.606000 0.999201
1.616000 0.999201
1.626000 0.999201
1.636000 0.999201
1.646000 0.999201
1.656000 0.999201
1.666000 0.999201
1.676000 0.999201
1.686000 0.999201
1.696000 0.999201
1.706000 0.999201
1.716000 0.999201
1.726000 0.999201
1.736000 0.999201
1.746000 0.999201
1.756000 0.999201
1.767000 0.999201
1.777000 0.999201
1.787000 0.999201
1.797000 0.999201
1.807000 0.999201
1.817000 0.999201
1.827000 0.999201
1.837000 0.999201
1.847000 0.999201
1.857000 0.999201
1.867000 0.999201
1.877000 0.999201
1.887000 0.999201
1.897000 0.999201
1.907000 0.999201
1.917000 0.999201
1.927000 0.999201
1.937000 0.999201
1.947000 0.999201
1.957000 0.999201
1.967000 0.999201
1.977000 0.999201
1.987000 0.999201
1.997000 0.999201
2.007000 0.999201
2.017000 0.999201
2.027000 0.999201
2.037000 0.999201
2.047000 0.999201
2.057000 0.999201
2.067000 0.999201
2.077000 0.999201
2.087000 0.999201
2.097000 0.999201
2.107000 0.999201
2.117000 0.999201
2.127000 0.999201
2.137000 0.999201
2.147000 0.999201
2.157000 0.999201
2.168000 0.999201
2.178000 0.999201
2.188000 0.999201
2.198000 0.999201
2.208000 0.999201
2.218000 0.999201
2.228000 0.999201
2.238000 0.999201
2.248000 0.999201
2.258000 0.999201
2.268000 0.999201
2.278000 0.999201
2.288000 0.999201
2.298000 0.999201
2.308000 0.999201
2.318000 0.999201
2.328000 0.999746
2.338000 0.999746
2.348000 1.000292
2.358000 1.000292
2.368000 1.000292
2.378000 1.000292
2.388000 1.000292
2.398000 1.000292
2.408000 1.000292
2.418000 1.000292
2.428000 1.000292
2.438000 1.000292
2.448000 1.000292
2.458000 1.000292
2.468000 1.000292
2.478000 1.000292
2.488000 1.000292
2.498000 1.000292
2.508000 1.000292
2.518000 1.000292
2.528000 1.000292
2.538000 1.000292
2.548000 1.000292
2.558000 1.000292
2.569000 1.000292
2.579000 1.000292
2.589000 1.000292
2.599000 1.000292
2.609000 1.000292
2.619000 1.000292
2.629000 1.000292
2.639000 1.000292
2.649000 1.000292
2.659000 1.000292
2.669000 1.000292
2.679000 1.000292
2.689000 1.000292
2.699000 1.000292
2.709000 1.000292
2.719000 1.000292
2.729000 1.000292
2.739000 1.000292
2.749000 1.000292
2.759000 1.000292
2.769000 1.000292
2.779000 1.000292
2.789000 1.000292
2.799000 1.000292
2.809000 1.000292
2.819000 1.000292
2.829000 1.000292
2.839000 1.000292
2.849000 1.000292
2.859000 1.000292
2.869000 1.000292
2.879000 1.000292
2.889000 1.000292
2.899000 1.000292
2.909000 1.000292
2.919000 1.000292
2.929000 1.000292
2.939000 1.000292
2.949000 1.000292
2.959000 1.000292
2.970000 1.000292
2.980000 1.000292
2.990000 1.000292
3.000000 1.000292
3.010000 1.000292
3.020000 1.000292
3.030000 1.000292
3.040000 1.000292
3.050000 1.000292
3.060000 1.000292
3.070000 1.000292
3.080000 1.000292
3.090000 1.000292
3.100000 1.000292
3.110000 1.000292
3.120000 1.000292
3.130000 1.000292
3.140000 1.000292
3.150000 1.000292
3.160000 1.000292
3.170000 1.000292
3.180000 1.000292
3.190000 1.000292
3.200000 1.000292
3.210000 1.000292
3.220000 1.000292
3.230000 1.000292
3.240000 1.000292
3.250000 1.000292
3.260000 1.000292
3.270000 1.000292
3.280000 1.000292
3.290000 1.000292
3.300000 1.000292
3.310000 1.000292
3.320000 1.000292
3.330000 1.000292
3.340000 1.000292
3.350000 1.000292
3.360000 1.000292
3.371000 1.000292
3.381000 1.000292
3.391000 1.000292
3.401000 1.000292
3.411000 1.000292
3.421000 1.000292
3.431000 1.000292
3.441000 1.000292
3.451000 1.000292
3.461000 1.000292
3.471000 1.000292
3.481000 1.000292
3.491000 1.000292
3.501000 1.000292
3.511000 1.000292
3.521000 1.000292
3.531000 1.000292
3.541000 1.000292
3.551000 1.000292
3.561000 1.000292
3.571000 1.000292
3.581000 1.000292
3.591000 1.000292
3.601000 1.000292
3.611000 1.000292
3.621000 1.000292
3.631000 1.000292
3.641000 1.000292
3.651000 1.000292
3.661000 1.000292
3.671000 1.000292
3.681000 1.000292
3.691000 1.000292
3.701000 1.000292
3.711000 1.000292
3.721000 1.000292
3.731000 1.000292
3.741000 1.000292
3.751000 1.000292
3.761000 1.000292
3.772000 1.000292
3.782000 1.000292
3.792000 1.000292
3.802000 1.000292
3.812000 1.000292
3.822000 1.000292
3.832000 1.000292
3.842000 1.000292
3.852000 1.000292
3.862000 1.000292
3.872000 1.000292
3.882000 1.000292
3.892000 1.000292
3.902000 1.000292
3.912000 1.000292
3.922000 1.000292
3.932000 1.000292
3.942000 1.000292
3.952000 1.000292
3.962000 1.000292
3.972000 1.000292
3.982000 1.000292
3.992000 1.000292
4.002000 1.000292
4.012000 1.000292
4.022000 1.000292
4.032000 1.000292
4.042000 1.000292
4.052000 1.000292
4.062000 1.000292
4.072000 1.000292
4.082000 1.000292
4.092000 1.000292
4.102000 1.000292
4.112000 1.000292
4.122000 1.000292
4.132000 1.000292
4.142000 1.000292
4.152000 1.000292
4.162000 1.000292
4.173000 1.000292
4.183000 1.000292
4.193000 1.000292
4.203000 1.000292
4.213000 1.000292
4.223000 1.000292
4.233000 1.000292
4.243000 1.000292
4.253000 1.000292
4.263000 1.000292
4.273000 1.000292
4.283000 1.000292
4.293000 1.000292
4.303000 1.000292
4.313000 1.000292
4.323000 1.000292
4.333000 1.000292
4.343000 1.000292
4.353000 1.000292
4.363000 1.000292
4.373000 1.000292
4.383000 1.000292
4.393000 1.000292
4.403000 1.000292
4.413000 1.000292
4.423000 1.000292
4.433000 1.000292
4.443000 1.000292
4.453000 1.000292
4.463000 1.000292
4.473000 1.000292
4.483000 1.000292
4.493000 1.000292
4.503000 1.000292
4.513000 1.000292
4.523000 1.000292
4.533000 1.000292
4.543000 1.000292
4.553000 1.000292
4.563000 1.000292
4.574000 1.000292
4.584000 1.000292
4.594000 1.000292
4.604000 1.000292
4.614000 1.000292
4.624000 1.000292
4.634000 1.000292
4.644000 1.000292
4.654000 1.000292
4.664000 1.000292
4.674000 1.000292
4.684000 1.000292
4.694000 1.000292
4.704000 1.000292
4.714000 1.000292
4.724000 1.000292
4.734000 1.000292
4.744000 1.000292
4.754000 1.000292
4.764000 1.000292
4.774000 1.000292
4.784000 1.000292
4.794000 1.000292
4.804000 1.000292
4.814000 1.000292
4.824000 1.000292
4.834000 1.000292
4.844000 1.000292
4.854000 1.000292
4.864000 1.000292
4.874000 1.000292
4.884000 1.000292
4.894000 1.000292
4.904000 1.000292
4.914000 1.000292
4.924000 1.000292
4.934000 1.000292
4.944000 1.000292
4.954000 1.000292
4.964000 1.000292
4.975000 1.000292
4.985000 1.000292
4.995000 1.000292
5.005000 1.000292
5.015000 1.000292
