0.005000 0.001091
0.015000 0.052905
0.025000 0.158716
0.035000 0.299978
0.045000 0.464694
0.055000 0.644681
0.065000 0.823577
0.075000 0.973566
0.085000 1.071196
0.095000 1.117556
0.105000 1.124647
0.115000 1.108284
0.125000 1.081013
0.155000 1.005746
0.165000 0.992656
0.175000 0.985566
0.185000 0.983929
0.195000 0.985020
0.205000 0.986656
0.215000 0.988838
0.225000 0.990474
0.235000 0.991565
0.245000 0.992656
0.255000 0.992656
0.265000 0.992656
0.275000 0.992656
0.285000 0.992656
0.295000 0.992656
0.305000 0.992656
0.315000 0.992656
0.325000 0.992656
0.335000 0.992656
0.345000 0.992656
0.355000 0.992656
0.365000 0.992656
0.375000 0.992656
0.385000 0.992656
0.395000 0.993201
0.405000 0.993201
0.415000 0.993201
0.425000 0.993201
0.435000 0.993201
0.445000 0.993201
0.455000 0.993201
0.465000 0.993201
0.475000 0.993747
0.485000 0.993747
0.495000 0.993747
0.505000 0.994292
0.515000 0.994292
0.525000 0.994292
0.535000 0.994292
0.545000 0.994292
0.555000 0.994292
0.565000 0.994292
0.575000 0.994292
0.585000 0.994292
0.595000 0.994292
0.605000 0.994292
0.615000 0.994838
0.625000 0.994838
0.635000 0.994838
0.645000 0.994838
0.655000 0.994838
0.665000 0.994838
0.675000 0.994838
0.685000 0.994838
0.695000 0.994838
0.715000 0.995383
0.725000 0.995929
0.735000 0.995929
0.745000 0.995929
0.755000 0.996474
0.765000 0.996474
0.775000 0.996474
0.785000 0.996474
0.795000 0.996474
0.805000 0.996474
0.815000 0.996474
0.825000 0.996474
0.835000 0.996474
0.845000 0.996474
0.855000 0.996474
0.865000 0.996474
0.875000 0.996474
0.885000 0.996474
0.895000 0.996474
0.905000 0.996474
0.915000 0.996474
0.925000 0.996474
0.935000 0.996474
0.945000 0.996474
0.955000 0.997019
0.965000 0.997019
0.975000 0.997565
0.985000 0.997565
0.995000 0.997565
1.005000 0.997565
1.015000 0.997565
1.025000 0.997565
1.035000 0.997565
1.045000 0.997565
1.055000 0.997565
1.065000 0.997565
1.075000 0.997565
1.085000 0.997565
1.095000 0.997565
1.105000 0.997565
1.115000 0.997565
1.125000 0.997565
1.135000 0.997565
1.145000 0.997565
1.155000 0.997565
1.165000 0.997565
1.175000 0.997565
1.185000 0.997565
1.195000 0.997565
1.205000 0.997565
1.215000 0.997565
1.225000 0.997565
1.235000 0.997565
1.245000 0.997565
1.255000 0.997565
1.265000 0.997565
1.275000 0.997565
1.285000 0.997565
1.295000 0.997565
1.305000 0.997565
1.315000 0.997565
1.325000 0.997565
1.335000 0.998110
1.345000 0.998110
1.355000 0.998656
1.370000 0.998656
1.380000 0.998656
1.390000 0.999201
1.400000 0.999201
1.410000 0.999201
1.420000 0.999201
1.430000 0.999201
1.440000 0.999201
1.450000 0.999201
1.460000 0.999201
1.470000 0.999201
1.480000 0.999201
1.490000 0.999201
1.500000 0.999201
1.510000 0.999201
1.520000 0.999201
1.530000 0.999201
1.540000 0.999201
1.550000 0.999201
1.560000 0.999201
1.570000 0.999201
1.580000 0.999201
1.590000 0.999201
1.600000 0.999201
1.610000 0.999201
1.620000 0.999201
1.630000 0.999201
1.640000 0.999201
1.650000 0.999201
1.660000 0.999201
1.670000 0.999201
1.680000 0.999201
1.690000 0.999201
1.700000 0.999201
1.710000 0.999201
1.720000 0.999201
1.730000 0.999201
1.740000 0.999201
1.750000 0.999201
1.760000 0.999201
1.770000 0.999201
1.780000 0.999201
1.790000 0.999201
1.800000 0.999201
1.810000 0.999201
1.820000 0.999201
1.830000 0.999201
1.840000 0.999201
1.850000 0.999201
1.860000 0.999201
1.870000 0.999201
1.880000 0.999201
1.890000 0.999201
1.900000 0.999201
1.910000 0.999201
1.920000 0.999201
1.930000 0.999201
1.940000 0.999201
1.950000 0.999201
1.960000 0.999201
1.970000 0.999201
1.980000 0.999201
1.990000 0.999201
2.000000 0.999201
2.010000 0.999201
2.020000 0.999201
2.030000 0.999201
2.040000 0.999201
2.050000 0.999201
2.060000 0.999201
2.070000 0.999201
2.080000 0.999201
2.090000 0.999201
2.100000 0.999201
2.110000 0.999201
2.120000 0.999201
2.130000 0.999201
2.140000 0.999201
2.150000 0.999201
2.160000 0.999201
2.170000 0.999201
2.180000 0.999201
2.190000 0.999201
2.200000 0.999201
2.210000 0.999201
2.220000 0.999201
2.230000 0.999201
2.240000 0.999201
2.250000 0.999201
2.260000 0.999201
2.270000 0.999201
2.280000 0.999201
2.290000 0.999201
2.300000 0.999201
2.310000 0.999201
2.320000 0.999201
2.330000 0.999201
2.340000 0.999201
2.350000 0.999201
2.360000 0.999201
2.370000 0.999201
2.380000 0.999201
2.390000 0.999201
2.400000 0.999201
2.410000 0.999201
2.420000 0.999201
2.430000 0.999201
2.440000 0.999201
2.450000 0.999201
2.460000 0.999201
2.470000 0.999201
2.480000 0.999746
2.490000 0.999746
2.500000 0.999746
2.510000 0.999746
2.520000 0.999746
2.530000 0.999746
2.540000 0.999746
2.550000 0.999746
2.560000 0.999746
2.570000 0.999746
2.580000 0.999746
2.590000 0.999746
2.600000 0.999746
2.610000 0.999746
2.620000 0.999746
2.630000 0.999746
2.640000 0.999746
2.650000 0.999746
2.660000 0.999746
2.670000 0.999746
2.680000 0.999746
2.690000 0.999746
2.700000 0.999746
2.710000 0.999746
2.720000 0.999746
2.730000 0.999746
2.740000 0.999746
2.750000 0.999746
2.760000 0.999746
2.770000 0.999746
2.780000 0.999746
2.790000 0.999746
2.800000 0.999746
2.810000 0.999746
2.820000 0.999746
2.830000 0.999746
2.840000 0.999746
2.850000 0.999746
2.860000 0.999746
2.870000 0.999746
2.880000 0.999746
2.890000 0.999746
2.900000 0.999746
2.910000 0.999746
2.920000 0.999746
2.930000 0.999746
2.940000 0.999746
2.950000 0.999746
2.960000 0.999746
2.970000 0.999746
2.980000 0.999746
2.990000 0.999746
3.000000 0.999746
3.010000 0.999746
3.020000 0.999746
3.030000 0.999746
3.040000 0.999746
3.050000 0.999746
3.060000 0.999746
3.070000 0.999746
3.080000 0.999746
3.090000 0.999746
3.100000 0.999746
3.110000 0.999746
3.120000 0.999746
3.130000 0.999746
3.140000 0.999746
3.150000 0.999746
3.160000 0.999746
3.170000 0.999746
3.180000 0.999746
3.190000 0.999746
3.200000 0.999746
3.210000 0.999746
3.220000 0.999746
3.230000 0.999746
3.240000 0.999746
3.250000 0.999746
3.260000 0.999746
3.270000 0.999746
3.280000 0.999746
3.290000 0.999746
3.300000 0.999746
3.310000 0.999746
3.320000 0.999746
3.330000 0.999746
3.340000 0.999746
3.350000 0.999746
3.360000 0.999746
3.375000 0.999746
3.385000 0.999746
3.395000 0.999746
3.405000 0.999746
3.415000 0.999746
3.425000 0.999746
3.435000 0.999746
3.445000 0.999746
3.455000 0.999746
3.465000 0.999746
3.475000 0.999746
3.485000 0.999746
3.495000 0.999746
3.505000 0.999746
3.515000 0.999746
3.525000 0.999746
3.535000 0.999746
3.545000 0.999746
3.555000 0.999746
3.565000 1.000292
3.575000 1.000292
3.585000 1.000292
3.595000 1.000292
3.605000 1.000292
3.615000 1.000292
3.625000 1.000292
3.635000 1.000292
3.645000 1.000292
3.655000 1.000292
3.665000 1.000292
3.675000 1.000292
3.685000 1.000292
3.695000 1.000292
3.705000 1.000292
3.715000 1.000292
3.725000 1.000292
3.735000 1.000292
3.745000 1.000292
3.755000 1.000292
3.765000 1.000292
3.775000 1.000292
3.785000 1.000292
3.795000 1.000292
3.805000 1.000292
3.815000 1.000292
3.825000 1.000292
3.835000 1.000292
3.845000 1.000292
3.855000 1.000292
3.865000 1.000292
3.875000 1.000292
3.885000 1.000292
3.895000 1.000292
3.905000 1.000292
3.915000 1.000292
3.925000 1.000292
3.935000 1.000292
3.945000 1.000292
3.955000 1.000292
3.965000 1.000292
3.975000 1.000292
3.985000 1.000292
3.995000 1.000292
4.005000 1.000292
4.015000 1.000292
4.025000 1.000292
4.035000 1.000292
4.045000 1.000292
4.055000 1.000292
4.065000 1.000292
4.075000 1.000292
4.085000 1.000292
4.095000 1.000292
4.105000 1.000292
4.115000 1.000292
4.125000 1.000292
4.135000 1.000292
4.145000 1.000292
4.155000 1.000292
4.165000 1.000292
4.175000 1.000292
4.185000 1.000292
4.195000 1.000292
4.205000 1.000292
4.215000 1.000292
4.225000 1.000292
4.235000 1.000292
4.245000 1.000292
4.255000 1.000292
4.265000 1.000292
4.275000 1.000292
4.285000 1.000292
4.295000 1.000292
4.305000 1.000292
4.315000 1.000292
4.325000 1.000292
4.335000 1.000292
4.345000 1.000292
4.355000 1.000292
4.365000 1.000292
4.375000 1.000292
4.385000 1.000292
4.395000 1.000292
4.405000 1.000292
4.415000 1.000292
4.425000 1.000292
4.435000 1.000292
4.445000 1.000292
4.455000 1.000292
4.465000 1.000292
4.475000 1.000292
4.485000 1.000292
4.495000 1.000292
4.505000 1.000292
4.515000 1.000292
4.525000 1.000292
4.535000 1.000292
4.545000 1.000292
4.555000 1.000292
4.565000 1.000292
4.575000 1.000292
4.585000 1.000292
4.595000 1.000292
4.605000 1.000292
4.615000 1.000292
4.625000 1.000292
4.635000 1.000292
4.645000 1.000292
4.655000 1.000292
4.665000 1.000292
4.675000 1.000292
4.685000 1.000292
4.695000 1.000292
4.705000 1.000292
4.715000 1.000292
4.725000 1.000292
4.735000 1.000292
4.745000 1.000292
4.755000 1.000292
4.765000 1.000292
4.775000 1.000292
4.785000 1.000292
4.795000 1.000292
4.805000 1.000292
4.815000 1.000292
4.825000 1.000292
4.835000 1.000292
4.845000 1.000292
4.855000 1.000292
4.865000 1.000292
4.875000 1.000292
4.885000 1.000292
4.895000 1.000292
4.905000 1.000292
4.915000 1.000292
4.925000 1.000292
4.935000 1.000292
4.945000 1.000292
4.955000 1.000292
4.965000 1.000292
4.975000 1.000292
4.985000 1.000292
4.995000 1.000292
5.005000 1.000292
5.015000 1.000292
